1001
1002
1003
1004
1005
1007
1010
1011
1012
1013
1015
1016
1017
1019
1020
1021
1022
1023
1024
1026
1030
1031
1033
1036
1037
1038
1039
1042
1044
1045
1046
1047
1049
1050
1052
1053
1054
1057
1058
1061
1062
1063
1065
1066
1068
1069
1070
1071
1072
1074
1076
1077
1078
1079
1080
1082
1083
1085
1087
1088
1089
1090
1093
1094
1097
1098
1100
1102
1103
1104
1106
1107
1108
1109
1111
1112
1113
1115
1116
1117
1118
1119
1121
1122
1124
1125
1126
1128
1129
1130
1131
1132
1133
1134
1135
1136
1138
1140
1141
1142
1143
1144
1146
1148
1150
1152
1153
1154
1155
1156
1157
1158
1161
1162
1164
1165
1167
1169
1170
1171
1172
1174
1175
1176
1177
1178
1179
1182
1183
1186
1188
1189
1192
1196
1198
1199
1201
1202
1204
1207
1208
1209
1210
1211
1214
1215
1216
1217
1218
1219
1220
1223
1225
1226
1228
1229
1231
1232
1234
1235
1237
1238
1239
1240
1241
1242
1245
1246
1247
1248
1250
1251
1252
1254
1256
1257
1258
1259
1260
1261
1262
1263
1265
1267
1268
1271
1272
1273
1274
1276
1278
1279
1281
1282
1289
1290
1292
1293
1296
1297
1298
1299
1300
1301
1304
1307
1308
1309
1311
1312
1313
1315
1316
1318
1319
1320
1322
1324
1325
1326
1327
1328
1329
1332
1333
1334
1335
1336
1337
1338
1339
1340
1341
1343
1345
1346
1347
1348
1349
1350
1351
1352
1353
1354
1356
1357
1358
1359
1360
1361
1362
1363
1364
1365
1366
1367
1369
1370
1371
1373
1374
1375
1376
1377
1379
1381
1382
1385
1388
1392
1394
1395
1396
1398
1400
1401
1402
1404
1405
1414
1415
1416
1417
1419
1422
1426
1427
1428
1429
1431
1432
1435
1436
1441
1442
1443
1444
1446
1451
1452
1453
1455
1457
1460
1461
1462
1464
1465
1467
1468
1469
1470
1471
1472
1473
1475
1477
1479
1481
1482
1487
1491
1493
1495
1496
1497
1499
1500
1503
1504
1505
1507
1508
1509
1512
1513
1514
1522
1523
1527
1528
1529
1530
1531
1532
1534
1535
1536
1537
1544
1545
1546
1554
2001
2002
2003
2006
2007
2011
2012
2017
2021
2024
2025
2026
2027
2029
2030
2033
2036
2039
2040
2041
2043
2048
2049
2050
2051
2053
2054
2060
2065
2066
2067
2073
2075
2077
2079
2082
2086
2087
2088
2089
2091
2094
2095
2098
2100
2105
2106
2112
2113
2115
2117
2118
2119
2120
2122
2124
2131
2133
2135
2136
2137
2140
2145
2147
2149
2152
2153
2155
2156
2157
2159
2163
2167
2168
2169
2170
2171
2173
2174
2177
2178
2180
2186
2188
2189
2190
2191
2195
2197
2201
2203
2204
2207
2209
2210
2211
2213
2217
2218
2223
2230
2247
2255
2263
2264
2268
2269
3000
3007
3015
3016
3017
3021
3023
3028