1002
1003
1004
1005
1007
1012
1013
1015
1016
1017
1019
1020
1021
1022
1023
1024
1026
1030
1031
1036
1037
1039
1042
1045
1046
1047
1049
1052
1053
1054
1057
1058
1061
1062
1063
1065
1068
1069
1070
1071
1072
1079
1083
1085
1087
1088
1089
1090
1093
1094
1097
1098
1102
1103
1104
1106
1107
1108
1109
1111
1112
1113
1115
1116
1117
1119
1121
1122
1128
1129
1132
1134
1135
1138
1140
1141
1143
1144
1146
1148
1150
1153
1154
1155
1157
1158
1161
1162
1167
1169
1170
1171
1172
1174
1175
1176
1179
1182
1188
1189
1192
1198
1199
1202
1204
1207
1208
1210
1211
1214
1216
1217
1218
1219
1220
1223
1226
1228
1229
1231
1237
1238
1240
1241
1242
1245
1246
1247
1250
1251
1254
1256
1258
1259
1260
1261
1263
1267
1268
1271
1272
1273
1276
1278
1279
1289
1290
1297
1299
1300
1301
1304
1307
1308
1309
1311
1312
1313
1315
1318
1319
1320
1322
1324
1325
1326
1328
1329
1332
1333
1334
1335
1336
1337
1338
1339
1340
1341
1343
1345
1346
1347
1349
1350
1351
1352
1354
1357
1359
1360
1361
1362
1363
1364
1365
1366
1367
1369
1370
1371
1373
1374
1375
1377
1379
1381
1382
1385
1388
1392
1394
1398
1400
1401
1402
1404
1405
1414
1415
1416
1417
1419
1422
1426
1427
1428
1429
1431
1432
1435
1436
1441
1443
1444
1446
1451
1452
1455
1457
1460
1461
1462
1464
1465
1467
1468
1469
1470
1471
1472
1473
1475
1477
1479
1481
1482
1487
1491
1493
1495
1496
1499
1500
1503
1504
1505
1507
1509
1512
1513
1514
1522
1527
1528
1530
1531
1532
1534
1535
1536
1544
1545
1554
2001
2002
2006
2007
2012
2021
2024
2025
2027
2029
2030
2033
2036
2039
2040
2043
2048
2049
2050
2051
2054
2065
2066
2067
2073
2075
2077
2079
2082
2088
2089
2091
2094
2100
2105
2106
2112
2117
2118
2119
2120
2124
2133
2136
2137
2140
2145
2147
2149
2152
2153
2155
2156
2157
2159
2163
2167
2169
2170
2171
2173
2174
2177
2178
2180
2186
2188
2189
2190
2191
2195
2197
2201
2203
2204
2209
2210
2211
2213
2217
2218
2223
2230
2247
2255
2263
2264
2269
3000
3007
3015
3016
3017
3021
3023
3028
