1027
1028
1029
1064
1105
1145
1163
1191
1196
1200
1203
1224
1245
1264
1270
1280
1283
1285
1287
1302
1317
1321
1323
1344
1355
1379
1383
1384
1391
1406
1421
1423
1425
1433
1437
1463
1476
1484
1486
1488
1489
1492
1494
1498
1518
1519
1533
1540
1541
1547
1548
1557
2005
2015
2020
2055
2056
2057
2059
2070
2078
2081
2083
2084
2085
2090
2092
2097
2108
2109
2110
2114
2120
2123
2126
2128
2129
2132
2134
2138
2142
2144
2146
2158
2161
2164
2166
2187
2193
2194
2196
2198
2200
2205
2206
2231
2243
2250
2253
3003
3006
3008
3009
3010
3011
3012
3014
3018
3020
3024
